0.5354838709677416 79.993564993565 80.01935483870969 19.826254826254846
-0.6000000000000014 20.14800514800517 79.32832258064518 79.02831402831404
0.7954193548387067 46.209781209781234 10.790516129032255 60.68854568854571
9.933793548387094 51.03603603603606 15.64527741935484 40.418275418275435
18.786593548387096 46.85328185328188 25.354800000000004 55.21879021879024
27.92496774193549 50.71428571428573 29.638412903225813 46.209781209781234
47.05843870967743 48.14028314028315 49.343032258064525 51.357786357786374
52.76992258064517 55.862290862290884 58.48140645161291 45.24453024453026
60.766000000000005 40.09652509652511 67.6197806451613 50.392535392535414
67.04863225806453 61.33204633204635 74.18798709677421 47.49678249678251
