859.9488985183879 441.34424654286084 922.4464209557924 669.0778473873946
645.7493603105314 943.2786045140967 739.9708433518083 986.3299793326556
525.989014296185 554.3179634236236 792.0896797921057 485.78740817826093
945.1870536778255 107.95817625538906 958.6026565258451 929.5472843248313
213.0383142111527 203.8733092321151 802.5948741523725 960.1860156223588
791.1217703373095 950.984820111659 983.0219956876042 84.42438426899979
433.3888558249475 802.4561041262308 800.6097293287951 241.47174441440245
914.6048593892883 866.1764015406867 933.4751640842625 512.71257966419
515.4221718701897 103.5052314186905 696.657000728806 347.0900631195382
426.736714982473 739.0952904101334 701.3418994545955 352.07011046505863
406.5928603139864 752.5672946335956 944.27824019145 22.855769503791535
812.0887577230376 939.7677413678219 998.1103503322449 835.9558994960897
629.1737473372672 654.4306113800963 732.3346895201041 695.5924708758644
281.55816103067053 396.92385909227033 464.9976459340181 641.1469690335351
293.0622692823739 899.2374018541827 685.8838995070219 295.1003248792495
965.9737361275116 100.90833764589391 982.0799993533554 55.039393729573675
338.67451429931504 843.7133272032522 509.7984070381008 737.6384214169565
884.5462868700583 435.45724759050063 952.5777912134262 270.56792808573704
583.1088344232497 392.9475637418666 840.7579045774322 936.5954218273899
639.9545883495158 620.390747368956 941.4858519696364 316.53678533170495
